Round		Edge-Cut		Swaps		Migrations
0		5026		2269		726
1		4175		4440		884
2		3787		6486		1015
3		3557		8424		1055
4		3435		10300		1114
5		3314		12131		1153
6		3179		13871		1183
7		3109		15564		1205
8		3057		17216		1250
9		3022		18856		1263
10		2963		20469		1279
11		2914		22032		1290
12		2862		23571		1298
13		2822		25084		1319
14		2796		26578		1327
15		2743		28054		1326
16		2717		29483		1334
17		2691		30886		1329
18		2665		32243		1353
19		2634		33580		1354
20		2615		34899		1379
21		2588		36198		1392
22		2570		37480		1399
23		2555		38745		1394
24		2528		40005		1408
25		2509		41231		1410
26		2500		42443		1404
27		2486		43656		1406
28		2488		44856		1406
29		2464		46051		1406
30		2457		47224		1414
31		2450		48400		1413
32		2436		49567		1423
33		2417		50722		1428
34		2407		51856		1429
35		2397		52977		1427
36		2392		54087		1429
37		2384		55193		1431
38		2372		56287		1435
39		2365		57378		1436
40		2353		58462		1438
41		2348		59530		1442
42		2345		60602		1439
43		2339		61666		1446
44		2339		62723		1445
45		2336		63779		1447
46		2329		64841		1449
47		2327		65896		1452
48		2323		66947		1454
49		2320		67992		1455
50		2317		69039		1453
51		2313		70081		1457
52		2311		71121		1460
53		2310		72161		1463
54		2306		73197		1464
55		2304		74230		1462
56		2301		75261		1464
57		2299		76291		1465
58		2296		77320		1467
59		2293		78349		1468
60		2293		79375		1468
61		2293		80402		1470
62		2293		81428		1470
63		2293		82454		1470
64		2292		83479		1471
65		2290		84504		1474
66		2289		85527		1474
67		2288		86550		1474
68		2287		87571		1474
69		2285		88595		1475
70		2285		89616		1476
71		2285		90634		1476
72		2284		91651		1474
73		2284		92669		1474
74		2283		93686		1476
75		2281		94700		1477
76		2281		95714		1477
77		2281		96728		1477
78		2281		97742		1477
79		2281		98756		1477
80		2279		99770		1476
81		2279		100782		1476
82		2277		101794		1477
83		2277		102806		1477
84		2277		103818		1477
85		2275		104830		1478
86		2276		105840		1478
87		2273		106847		1477
88		2273		107851		1477
89		2271		108855		1478
90		2269		109857		1479
91		2269		110857		1479
92		2269		111857		1479
93		2269		112857		1479
94		2269		113857		1479
95		2268		114858		1478
96		2267		115859		1477
97		2267		116861		1477
98		2267		117861		1477
99		2264		118858		1478
100		2263		119855		1477
101		2261		120847		1479
102		2260		121839		1479
103		2259		122828		1479
104		2258		123815		1478
105		2257		124800		1479
106		2257		125786		1479
107		2256		126773		1480
108		2256		127757		1480
109		2255		128740		1479
110		2253		129722		1482
111		2253		130702		1482
112		2253		131682		1482
113		2252		132661		1482
114		2252		133641		1482
115		2252		134621		1482
116		2252		135601		1482
117		2252		136581		1482
118		2251		137560		1482
119		2250		138537		1484
120		2249		139514		1483
121		2247		140487		1483
122		2247		141461		1483
123		2247		142435		1483
124		2247		143409		1483
125		2247		144385		1484
126		2246		145358		1485
127		2246		146330		1485
128		2245		147301		1485
129		2245		148273		1485
130		2245		149245		1485
131		2244		150218		1484
132		2244		151188		1485
133		2243		152159		1486
134		2242		153130		1484
135		2242		154098		1484
136		2241		155065		1485
137		2241		156031		1485
138		2240		156999		1485
139		2240		157965		1485
140		2239		158930		1485
141		2239		159894		1485
142		2239		160858		1485
143		2239		161822		1485
144		2238		162787		1487
145		2237		163748		1486
146		2236		164707		1488
147		2236		165665		1488
148		2236		166623		1488
149		2236		167581		1488
150		2236		168539		1488
151		2236		169497		1488
152		2236		170455		1488
153		2235		171412		1488
154		2235		172368		1488
155		2235		173324		1488
156		2235		174280		1488
157		2235		175236		1488
158		2235		176192		1488
159		2234		177149		1490
160		2233		178102		1490
161		2233		179054		1490
162		2233		180006		1490
163		2233		180958		1490
164		2232		181909		1491
165		2232		182859		1491
166		2232		183809		1491
167		2232		184759		1491
168		2232		185709		1491
169		2232		186659		1491
170		2232		187609		1491
171		2231		188558		1489
172		2231		189508		1489
173		2231		190456		1489
174		2231		191404		1489
175		2231		192352		1489
176		2231		193300		1489
177		2230		194250		1489
178		2230		195200		1490
179		2230		196148		1490
180		2230		197096		1490
181		2229		198045		1490
182		2228		198992		1492
183		2228		199938		1492
184		2228		200886		1491
185		2228		201832		1491
186		2227		202777		1491
187		2226		203722		1491
188		2226		204666		1491
189		2225		205609		1490
190		2225		206551		1490
191		2225		207494		1491
192		2223		208436		1491
193		2223		209376		1491
194		2223		210316		1491
195		2222		211255		1491
196		2222		212193		1491
197		2222		213131		1491
198		2222		214069		1491
199		2221		215006		1492
200		2221		215942		1492
201		2221		216878		1492
202		2221		217814		1492
203		2221		218750		1492
204		2221		219686		1492
205		2221		220622		1492
206		2221		221558		1492
207		2221		222494		1492
208		2221		223430		1492
209		2221		224368		1491
210		2221		225304		1491
211		2221		226240		1491
212		2221		227176		1491
213		2221		228112		1491
214		2221		229048		1491
215		2221		229984		1491
216		2221		230920		1491
217		2220		231855		1491
218		2220		232789		1491
219		2220		233723		1491
220		2220		234657		1491
221		2220		235591		1491
222		2220		236525		1491
223		2220		237459		1491
224		2219		238392		1493
225		2218		239323		1492
226		2218		240253		1492
227		2218		241183		1492
228		2218		242113		1492
229		2218		243043		1492
230		2217		243972		1493
231		2217		244900		1493
232		2216		245827		1492
233		2215		246752		1493
234		2215		247676		1493
235		2214		248601		1493
236		2214		249525		1493
237		2214		250449		1493
238		2214		251373		1493
239		2214		252297		1493
240		2214		253223		1494
241		2213		254146		1494
242		2212		255067		1496
243		2209		255985		1497
244		2209		256903		1497
245		2208		257820		1496
246		2208		258736		1496
247		2207		259653		1497
248		2206		260566		1496
249		2205		261477		1498
250		2204		262386		1499
251		2203		263293		1500
252		2203		264199		1500
253		2203		265105		1500
254		2203		266011		1500
255		2202		266916		1499
256		2202		267820		1499
257		2202		268724		1499
258		2201		269629		1501
259		2199		270534		1502
260		2199		271436		1502
261		2198		272337		1501
262		2198		273237		1501
263		2197		274138		1503
264		2196		275035		1502
265		2196		275931		1502
266		2196		276827		1502
267		2196		277723		1502
268		2196		278619		1502
269		2196		279515		1502
270		2196		280411		1502
271		2195		281308		1502
272		2193		282200		1500
273		2193		283090		1500
274		2191		283982		1499
275		2187		284870		1499
276		2187		285756		1499
277		2187		286642		1499
278		2187		287528		1499
279		2187		288414		1499
280		2187		289300		1499
281		2187		290186		1499
282		2186		291072		1500
283		2185		291957		1497
284		2185		292841		1497
285		2184		293724		1497
286		2184		294608		1497
287		2184		295492		1497
288		2184		296376		1497
289		2184		297260		1497
290		2183		298143		1499
291		2182		299027		1500
292		2182		299909		1500
293		2181		300790		1499
294		2181		301670		1499
295		2181		302550		1499
296		2180		303429		1500
297		2179		304306		1499
298		2179		305182		1499
299		2179		306058		1499
300		2179		306934		1499
301		2178		307809		1501
302		2177		308682		1500
303		2177		309554		1500
304		2177		310426		1500
305		2177		311298		1500
306		2176		312171		1498
307		2175		313042		1498
308		2174		313911		1497
309		2174		314779		1497
310		2174		315647		1497
311		2174		316515		1497
312		2174		317383		1497
313		2173		318250		1498
314		2173		319116		1498
315		2173		319982		1498
316		2173		320848		1498
317		2173		321714		1498
318		2173		322580		1498
319		2173		323446		1498
320		2173		324312		1498
321		2172		325179		1496
322		2172		326043		1496
323		2172		326907		1496
324		2172		327771		1496
325		2172		328635		1496
326		2172		329499		1496
327		2171		330362		1498
328		2171		331224		1498
329		2171		332086		1498
330		2171		332948		1498
331		2171		333810		1498
332		2171		334672		1498
333		2171		335534		1498
334		2171		336396		1498
335		2171		337258		1498
336		2171		338120		1498
337		2171		338982		1498
338		2171		339844		1498
339		2171		340706		1498
340		2171		341568		1498
341		2171		342430		1498
342		2170		343291		1498
343		2169		344150		1500
344		2168		345007		1500
345		2168		345863		1500
346		2168		346719		1500
347		2167		347574		1501
348		2167		348428		1501
349		2167		349282		1501
350		2167		350136		1501
351		2167		350990		1501
352		2167		351844		1501
353		2167		352698		1501
354		2167		353552		1501
355		2167		354406		1501
356		2167		355260		1501
357		2167		356114		1501
358		2167		356968		1501
359		2167		357822		1501
360		2167		358676		1501
361		2167		359530		1501
362		2166		360383		1501
363		2166		361235		1501
364		2166		362087		1501
365		2166		362939		1501
366		2166		363791		1501
367		2166		364643		1501
368		2166		365495		1501
369		2166		366347		1501
370		2166		367199		1501
371		2166		368051		1501
372		2166		368903		1501
373		2165		369754		1503
374		2165		370604		1503
375		2165		371454		1503
376		2165		372304		1503
377		2165		373154		1503
378		2165		374004		1503
379		2165		374854		1503
380		2165		375704		1503
381		2165		376554		1503
382		2165		377404		1503
383		2165		378254		1503
384		2165		379104		1503
385		2165		379954		1503
386		2165		380804		1503
387		2165		381654		1503
388		2164		382503		1502
389		2164		383351		1502
390		2164		384199		1502
391		2164		385047		1502
392		2164		385895		1502
393		2164		386743		1502
394		2164		387591		1502
395		2164		388439		1502
396		2163		389288		1504
397		2163		390136		1504
398		2162		390983		1503
399		2162		391829		1503
400		2161		392674		1505
401		2161		393518		1505
402		2161		394362		1505
403		2161		395206		1505
404		2161		396050		1505
405		2161		396894		1505
406		2161		397738		1505
407		2161		398582		1505
408		2161		399426		1505
409		2161		400270		1505
410		2161		401114		1505
411		2161		401958		1505
412		2161		402802		1505
413		2161		403646		1505
414		2161		404490		1505
415		2161		405334		1505
416		2160		406179		1504
417		2159		407020		1505
418		2159		407860		1505
419		2159		408700		1505
420		2159		409540		1505
421		2158		410379		1505
422		2157		411216		1506
423		2157		412052		1506
424		2157		412888		1506
425		2157		413724		1506
426		2157		414560		1506
427		2157		415396		1506
428		2157		416232		1506
429		2157		417068		1506
430		2157		417904		1506
431		2156		418741		1506
432		2156		419575		1506
433		2156		420409		1506
434		2156		421243		1506
435		2156		422077		1506
436		2156		422911		1506
437		2156		423745		1506
438		2156		424579		1506
439		2156		425413		1506
440		2156		426247		1506
441		2156		427081		1506
442		2156		427915		1506
443		2155		428748		1507
444		2155		429580		1507
445		2155		430412		1507
446		2155		431244		1507
447		2155		432076		1507
448		2155		432908		1507
449		2155		433740		1507
450		2155		434572		1507
451		2155		435404		1507
452		2155		436236		1507
453		2155		437068		1507
454		2155		437900		1507
455		2155		438732		1507
456		2154		439563		1507
457		2154		440393		1507
458		2154		441223		1507
459		2154		442053		1507
460		2154		442883		1507
461		2154		443713		1507
462		2154		444543		1507
463		2153		445372		1508
464		2153		446200		1508
465		2153		447028		1508
466		2153		447856		1508
467		2153		448684		1508
468		2153		449512		1508
469		2152		450339		1508
470		2152		451165		1508
471		2152		451991		1508
472		2152		452817		1508
473		2152		453643		1508
474		2152		454469		1508
475		2152		455295		1508
476		2152		456121		1508
477		2152		456947		1508
478		2152		457773		1508
479		2152		458599		1508
480		2152		459425		1508
481		2152		460251		1508
482		2152		461077		1508
483		2152		461903		1508
484		2152		462729		1508
485		2152		463555		1508
486		2152		464381		1508
487		2152		465207		1508
488		2151		466032		1508
489		2150		466857		1507
490		2150		467679		1507
491		2150		468501		1507
492		2150		469323		1507
493		2150		470145		1507
494		2150		470967		1507
495		2150		471789		1507
496		2150		472611		1507
497		2150		473433		1507
498		2149		474254		1509
499		2149		475074		1509
500		2149		475894		1509
501		2149		476714		1509
502		2149		477534		1509
503		2149		478354		1509
504		2149		479174		1509
505		2149		479994		1509
506		2149		480814		1509
507		2149		481634		1509
508		2149		482454		1509
509		2148		483273		1509
510		2148		484091		1509
511		2148		484909		1509
512		2148		485727		1509
513		2148		486545		1509
514		2147		487364		1509
515		2147		488180		1509
516		2147		488996		1509
517		2147		489812		1509
518		2147		490628		1509
519		2147		491444		1509
520		2147		492260		1509
521		2147		493076		1509
522		2147		493892		1509
523		2147		494708		1509
524		2147		495524		1509
525		2147		496340		1509
526		2147		497156		1509
527		2147		497972		1509
528		2146		498787		1509
529		2146		499601		1509
530		2146		500415		1509
531		2146		501229		1509
532		2146		502043		1509
533		2146		502857		1509
534		2146		503671		1509
535		2146		504485		1509
536		2146		505299		1509
537		2146		506113		1509
538		2146		506927		1509
539		2146		507741		1509
540		2146		508555		1509
541		2146		509369		1509
542		2146		510183		1509
543		2146		510997		1509
544		2146		511811		1509
545		2146		512625		1509
546		2146		513439		1509
547		2146		514253		1509
548		2146		515067		1509
549		2146		515881		1509
550		2146		516695		1509
551		2146		517509		1509
552		2146		518323		1509
553		2146		519137		1509
554		2146		519951		1509
555		2146		520765		1509
556		2145		521580		1510
557		2144		522391		1508
558		2144		523201		1508
559		2143		524010		1509
560		2143		524818		1509
561		2143		525626		1509
562		2143		526434		1509
563		2143		527242		1509
564		2143		528050		1509
565		2143		528858		1509
566		2143		529666		1509
567		2142		530473		1509
568		2142		531279		1509
569		2142		532085		1509
570		2142		532891		1509
571		2142		533697		1509
572		2141		534502		1511
573		2141		535306		1511
574		2141		536110		1511
575		2141		536914		1511
576		2141		537718		1511
577		2141		538522		1511
578		2141		539326		1511
579		2141		540130		1511
580		2141		540934		1511
581		2141		541738		1511
582		2140		542541		1510
583		2140		543343		1510
584		2140		544145		1510
585		2140		544947		1510
586		2139		545748		1512
587		2139		546548		1512
588		2139		547348		1512
589		2139		548148		1512
590		2139		548948		1512
591		2139		549748		1512
592		2138		550549		1512
593		2138		551347		1512
594		2138		552145		1512
595		2138		552943		1512
596		2138		553741		1512
597		2138		554539		1512
598		2138		555337		1512
599		2138		556135		1512
600		2138		556933		1512
601		2138		557731		1512
602		2138		558529		1512
603		2138		559327		1512
604		2138		560125		1512
605		2138		560923		1512
606		2138		561721		1512
607		2138		562519		1512
608		2137		563316		1514
609		2137		564112		1514
610		2137		564908		1514
611		2137		565704		1514
612		2137		566500		1514
613		2137		567296		1514
614		2137		568092		1514
615		2137		568888		1514
616		2137		569684		1514
617		2136		570479		1514
618		2135		571274		1515
619		2135		572068		1515
620		2135		572862		1515
621		2135		573656		1515
622		2135		574450		1515
623		2134		575245		1515
624		2134		576037		1515
625		2133		576831		1514
626		2133		577623		1514
627		2132		578414		1515
628		2132		579204		1515
629		2132		579994		1515
630		2132		580784		1515
631		2132		581574		1515
632		2132		582364		1515
633		2132		583154		1515
634		2132		583944		1515
635		2131		584733		1515
636		2131		585521		1515
637		2131		586309		1515
638		2131		587097		1515
639		2131		587885		1515
640		2131		588673		1515
641		2130		589460		1515
642		2130		590246		1515
643		2129		591031		1514
644		2129		591815		1514
645		2129		592599		1514
646		2129		593383		1514
647		2129		594167		1514
648		2129		594951		1514
649		2129		595735		1514
650		2129		596519		1514
651		2129		597303		1514
652		2129		598087		1514
653		2128		598870		1516
654		2127		599651		1515
655		2127		600431		1515
656		2127		601211		1515
657		2127		601991		1515
658		2127		602771		1515
659		2127		603551		1515
660		2127		604331		1515
661		2127		605111		1515
662		2127		605891		1515
663		2126		606670		1517
664		2125		607447		1517
665		2125		608223		1517
666		2125		608999		1517
667		2125		609775		1517
668		2125		610551		1517
669		2125		611327		1517
670		2125		612103		1517
671		2125		612879		1517
672		2125		613655		1517
673		2125		614431		1517
674		2125		615207		1517
675		2125		615983		1517
676		2124		616758		1519
677		2124		617532		1519
678		2124		618306		1519
679		2124		619080		1519
680		2123		619853		1519
681		2123		620625		1519
682		2123		621397		1519
683		2123		622169		1519
684		2123		622941		1519
685		2123		623713		1519
686		2123		624485		1519
687		2123		625257		1519
688		2123		626029		1519
689		2123		626801		1519
690		2123		627573		1519
691		2123		628345		1519
692		2123		629117		1519
693		2123		629889		1519
694		2123		630661		1519
695		2123		631433		1519
696		2123		632205		1519
697		2123		632977		1519
698		2123		633749		1519
699		2123		634521		1519
700		2123		635293		1519
701		2123		636065		1519
702		2123		636837		1519
703		2123		637609		1519
704		2122		638382		1520
705		2122		639152		1520
706		2122		639922		1520
707		2121		640694		1521
708		2121		641464		1521
709		2121		642234		1521
710		2121		643004		1521
711		2121		643774		1521
712		2121		644544		1521
713		2121		645314		1521
714		2121		646084		1521
715		2121		646854		1521
716		2121		647624		1521
717		2121		648394		1521
718		2121		649164		1521
719		2121		649934		1521
720		2121		650704		1521
721		2121		651474		1521
722		2121		652244		1521
723		2121		653014		1521
724		2121		653784		1521
725		2121		654554		1521
726		2121		655324		1521
727		2121		656094		1521
728		2121		656864		1521
729		2121		657634		1521
730		2121		658404		1521
731		2121		659174		1521
732		2121		659944		1521
733		2121		660714		1521
734		2121		661484		1521
735		2121		662254		1521
736		2121		663024		1521
737		2121		663794		1521
738		2121		664564		1521
739		2121		665334		1521
740		2121		666104		1521
741		2121		666874		1521
742		2121		667644		1521
743		2121		668414		1521
744		2121		669184		1521
745		2121		669954		1521
746		2121		670724		1521
747		2121		671494		1521
748		2121		672264		1521
749		2121		673034		1521
750		2121		673804		1521
751		2120		674573		1519
752		2120		675341		1519
753		2120		676109		1519
754		2120		676877		1519
755		2120		677645		1519
756		2120		678413		1519
757		2120		679181		1519
758		2120		679949		1519
759		2120		680717		1519
760		2120		681485		1519
761		2120		682253		1519
762		2120		683021		1519
763		2120		683789		1519
764		2120		684557		1519
765		2120		685325		1519
766		2119		686092		1519
767		2119		686858		1519
768		2119		687624		1519
769		2119		688390		1519
770		2119		689156		1519
771		2119		689922		1519
772		2119		690688		1519
773		2119		691454		1519
774		2119		692220		1519
775		2119		692986		1519
776		2119		693752		1519
777		2119		694518		1519
778		2119		695284		1519
779		2119		696050		1519
780		2119		696816		1519
781		2119		697582		1519
782		2119		698348		1519
783		2119		699114		1519
784		2119		699880		1519
785		2119		700646		1519
786		2119		701412		1519
787		2119		702178		1519
788		2119		702944		1519
789		2119		703710		1519
790		2119		704476		1519
791		2119		705242		1519
792		2119		706008		1519
793		2119		706774		1519
794		2119		707540		1519
795		2119		708306		1519
796		2119		709072		1519
797		2119		709838		1519
798		2119		710604		1519
799		2119		711370		1519
800		2119		712136		1519
801		2119		712902		1519
802		2119		713668		1519
803		2119		714434		1519
804		2119		715200		1519
805		2119		715966		1519
806		2119		716732		1519
807		2118		717499		1519
808		2118		718263		1519
809		2118		719027		1519
810		2117		719790		1521
811		2117		720552		1521
812		2117		721314		1521
813		2117		722076		1521
814		2117		722838		1521
815		2117		723600		1521
816		2116		724361		1521
817		2116		725121		1521
818		2116		725881		1521
819		2116		726641		1521
820		2116		727401		1521
821		2116		728161		1521
822		2116		728921		1521
823		2116		729681		1521
824		2116		730441		1521
825		2116		731201		1521
826		2116		731961		1521
827		2116		732721		1521
828		2115		733482		1522
829		2115		734240		1522
830		2115		734998		1522
831		2115		735756		1522
832		2115		736514		1522
833		2115		737272		1522
834		2115		738030		1522
835		2115		738788		1522
836		2114		739547		1522
837		2114		740303		1522
838		2114		741059		1522
839		2114		741815		1522
840		2114		742571		1522
841		2114		743327		1522
842		2114		744083		1522
843		2114		744839		1522
844		2114		745595		1522
845		2114		746351		1522
846		2114		747107		1522
847		2113		747862		1524
848		2113		748616		1524
849		2113		749370		1524
850		2113		750124		1524
851		2113		750878		1524
852		2113		751632		1524
853		2113		752386		1524
854		2113		753140		1524
855		2113		753894		1524
856		2113		754648		1524
857		2113		755402		1524
858		2113		756156		1524
859		2112		756909		1523
860		2112		757661		1523
861		2112		758413		1523
862		2112		759165		1523
863		2112		759917		1523
864		2111		760670		1523
865		2111		761420		1523
866		2111		762170		1523
867		2111		762920		1523
868		2111		763670		1523
869		2111		764420		1523
870		2111		765170		1523
871		2111		765920		1523
872		2111		766670		1523
873		2111		767420		1523
874		2111		768170		1523
875		2111		768920		1523
876		2111		769670		1523
877		2111		770420		1523
878		2111		771170		1523
879		2111		771920		1523
880		2111		772670		1523
881		2111		773420		1523
882		2111		774170		1523
883		2111		774920		1523
884		2111		775670		1523
885		2111		776420		1523
886		2111		777170		1523
887		2111		777920		1523
888		2111		778670		1523
889		2111		779420		1523
890		2111		780170		1523
891		2111		780920		1523
892		2111		781670		1523
893		2111		782420		1523
894		2111		783170		1523
895		2111		783920		1523
896		2111		784670		1523
897		2111		785420		1523
898		2111		786170		1523
899		2111		786920		1523
900		2111		787670		1523
901		2111		788420		1523
902		2111		789170		1523
903		2111		789920		1523
904		2111		790670		1523
905		2111		791420		1523
906		2111		792170		1523
907		2111		792920		1523
908		2111		793670		1523
909		2111		794420		1523
910		2111		795170		1523
911		2111		795920		1523
912		2111		796670		1523
913		2111		797420		1523
914		2111		798170		1523
915		2111		798920		1523
916		2111		799670		1523
917		2111		800420		1523
918		2111		801170		1523
919		2111		801920		1523
920		2111		802670		1523
921		2111		803420		1523
922		2111		804170		1523
923		2110		804921		1522
924		2109		805670		1522
925		2109		806420		1522
926		2109		807170		1522
927		2108		807919		1523
928		2108		808667		1523
929		2107		809416		1522
930		2107		810162		1522
931		2107		810908		1522
932		2107		811654		1522
933		2107		812400		1522
934		2107		813146		1522
935		2107		813892		1522
936		2107		814638		1522
937		2107		815384		1522
938		2107		816130		1522
939		2107		816876		1522
940		2107		817622		1522
941		2107		818368		1522
942		2107		819114		1522
943		2107		819860		1522
944		2107		820606		1522
945		2106		821353		1523
946		2106		822097		1523
947		2105		822840		1523
948		2105		823582		1523
949		2105		824324		1523
950		2105		825066		1523
951		2105		825808		1523
952		2105		826550		1523
953		2105		827292		1523
954		2105		828034		1523
955		2105		828776		1523
956		2105		829518		1523
957		2105		830260		1523
958		2105		831002		1523
959		2105		831744		1523
960		2105		832486		1523
961		2105		833228		1523
962		2105		833970		1523
963		2105		834712		1523
964		2105		835454		1523
965		2104		836195		1524
966		2104		836935		1524
967		2104		837675		1524
968		2104		838415		1524
969		2104		839155		1524
970		2104		839895		1524
971		2104		840635		1524
972		2104		841375		1524
973		2104		842115		1524
974		2104		842855		1524
975		2104		843595		1524
976		2104		844335		1524
977		2104		845075		1524
978		2104		845815		1524
979		2104		846555		1524
980		2103		847294		1524
981		2103		848032		1524
982		2103		848770		1524
983		2103		849508		1524
984		2103		850246		1524
985		2103		850984		1524
986		2103		851722		1524
987		2103		852460		1524
988		2103		853198		1524
989		2103		853936		1524
990		2103		854674		1524
991		2103		855412		1524
992		2103		856150		1524
993		2103		856888		1524
994		2103		857626		1524
995		2103		858364		1524
996		2103		859102		1524
997		2103		859840		1524
998		2103		860578		1524
999		2103		861316		1524
